2.634743e+10  2.695941e+10  2.775036e+10  2.862546e+10  3.008964e+10  3.155383e+10  3.295117e+10  3.433897e+10  3.605731e+10  3.797399e+10  3.924941e+10  3.945608e+10  3.949173e+10  3.833021e+10  3.716870e+10  3.494489e+10  3.256932e+10  3.045858e+10  2.850676e+10  2.692770e+10  2.596993e+10  2.514226e+10  2.522524e+10  2.530821e+10  2.594008e+10  2.665036e+10  2.715659e+10  2.754041e+10  2.759886e+10  2.711504e+10  2.661436e+10  2.599561e+10  2.537686e+10  2.538817e+10  2.548949e+10  2.584285e+10
1.723557e+10  1.649207e+10  1.618191e+10  1.595255e+10  1.628875e+10  1.662495e+10  1.707481e+10  1.754091e+10  1.871623e+10  2.031709e+10  2.144880e+10  2.179862e+10  2.205984e+10  2.170099e+10  2.134215e+10  2.075446e+10  2.013408e+10  2.014788e+10  2.054217e+10  2.112923e+10  2.203756e+10  2.304094e+10  2.470972e+10  2.637851e+10  2.824207e+10  3.013345e+10  3.137930e+10  3.223783e+10  3.191776e+10  2.963339e+10  2.735709e+10  2.513731e+10  2.291753e+10  2.117247e+10  1.949524e+10  1.823908e+10
1.294780e+10  1.201158e+10  1.146759e+10  1.098841e+10  1.096286e+10  1.093731e+10  1.127811e+10  1.167125e+10  1.243408e+10  1.341871e+10  1.428747e+10  1.496312e+10  1.558913e+10  1.586774e+10  1.614635e+10  1.643346e+10  1.672177e+10  1.779685e+10  1.934398e+10  2.095097e+10  2.265771e+10  2.432337e+10  2.570156e+10  2.707974e+10  2.809500e+10  2.905842e+10  2.899434e+10  2.831376e+10  2.734016e+10  2.587818e+10  2.429096e+10  2.182692e+10  1.936289e+10  1.742027e+10  1.555214e+10  1.411936e+10
9.490979e+09  8.548936e+09  7.982765e+09  7.476631e+09  7.390759e+09  7.304888e+09  7.650515e+09  8.057786e+09  9.586621e+09  1.178840e+10  1.391346e+10  1.591069e+10  1.759765e+10  1.711270e+10  1.662775e+10  1.670161e+10  1.685530e+10  1.832734e+10  2.059039e+10  2.332974e+10  2.686294e+10  2.998124e+10  3.019535e+10  3.040946e+10  3.001664e+10  2.953712e+10  2.897789e+10  2.837084e+10  2.742465e+10  2.591325e+10  2.411396e+10  2.029949e+10  1.648502e+10  1.421157e+10  1.215826e+10  1.065855e+10
6.152578e+09  5.273319e+09  4.760680e+09  4.300844e+09  4.210629e+09  4.120414e+09  4.477339e+09  4.898141e+09  7.768835e+09  1.210947e+10  1.637153e+10  2.050267e+10  2.381013e+10  2.135195e+10  1.889376e+10  1.805455e+10  1.744661e+10  1.898857e+10  2.182048e+10  2.596105e+10  3.228272e+10  3.762410e+10  3.610343e+10  3.458277e+10  3.256055e+10  3.046667e+10  3.082434e+10  3.265294e+10  3.270016e+10  2.977843e+10  2.644259e+10  2.020809e+10  1.397358e+10  1.115048e+10  8.814732e+09  7.251807e+09
4.603544e+09  3.830537e+09  3.395821e+09  3.005638e+09  2.927185e+09  2.848733e+09  3.409565e+09  4.061724e+09  7.626786e+09  1.293959e+10  1.820456e+10  2.338979e+10  2.737471e+10  2.295745e+10  1.854019e+10  1.848102e+10  1.904443e+10  2.151824e+10  2.513828e+10  2.917326e+10  3.389980e+10  3.793067e+10  3.709184e+10  3.625301e+10  3.724949e+10  3.850815e+10  3.713027e+10  3.417047e+10  3.106363e+10  2.771174e+10  2.402216e+10  1.796865e+10  1.191515e+10  9.226092e+09  7.017671e+09  5.579525e+09
3.338235e+09  2.684756e+09  2.331609e+09  2.015828e+09  1.961604e+09  1.907380e+09  2.578308e+09  3.352829e+09  7.184937e+09  1.285160e+10  1.906238e+10  2.618002e+10  3.158741e+10  2.502295e+10  1.845850e+10  2.004321e+10  2.279209e+10  2.616764e+10  2.991921e+10  3.275469e+10  3.406335e+10  3.511953e+10  3.440844e+10  3.369736e+10  3.707768e+10  4.104250e+10  3.933356e+10  3.422037e+10  2.949859e+10  2.542916e+10  2.116469e+10  1.553490e+10  9.905113e+09  7.448112e+09  5.444367e+09  4.171913e+09
2.433550e+09  1.927607e+09  1.666759e+09  1.437369e+09  1.428190e+09  1.419011e+09  2.061595e+09  2.797288e+09  6.251227e+09  1.133611e+10  1.846321e+10  2.899399e+10  3.706633e+10  2.792957e+10  1.879281e+10  2.346174e+10  3.010290e+10  3.438977e+10  3.726407e+10  3.713103e+10  3.198578e+10  2.730448e+10  2.587092e+10  2.443735e+10  2.936674e+10  3.520513e+10  3.531982e+10  3.200028e+10  2.794678e+10  2.267001e+10  1.745237e+10  1.264860e+10  7.844832e+09  5.786150e+09  4.119623e+09  3.086550e+09
1.735572e+09  1.365416e+09  1.192445e+09  1.048616e+09  1.108779e+09  1.168943e+09  1.869914e+09  2.662429e+09  5.857919e+09  1.049520e+10  1.708830e+10  2.694114e+10  3.458504e+10  2.676636e+10  1.894768e+10  2.599945e+10  3.517558e+10  4.062906e+10  4.384897e+10  4.239138e+10  3.313797e+10  2.467682e+10  2.176156e+10  1.884630e+10  2.391398e+10  3.012207e+10  3.162840e+10  3.031367e+10  2.705403e+10  2.055289e+10  1.434765e+10  1.021373e+10  6.079802e+09  4.383278e+09  3.034953e+09  2.224040e+09
1.225485e+09  9.811334e+08  8.925495e+08  8.341247e+08  9.868139e+08  1.139503e+09  1.980244e+09  2.919278e+09  5.966197e+09  1.027785e+10  1.497932e+10  2.033049e+10  2.465531e+10  2.179575e+10  1.893618e+10  2.773338e+10  3.819583e+10  4.506271e+10  4.977224e+10  4.851505e+10  3.731333e+10  2.687227e+10  2.175589e+10  1.663952e+10  2.052957e+10  2.570626e+10  2.821108e+10  2.911278e+10  2.677000e+10  1.901972e+10  1.178761e+10  8.182594e+09  4.577578e+09  3.212082e+09  2.166517e+09  1.563298e+09
8.541593e+08  7.096668e+08  6.903363e+08  7.027827e+08  9.376681e+08  1.172553e+09  2.144607e+09  3.221970e+09  6.270998e+09  1.050302e+10  1.407169e+10  1.653474e+10  1.882363e+10  1.989339e+10  2.096316e+10  3.534619e+10  5.163111e+10  5.943364e+10  6.214673e+10  5.925182e+10  4.701027e+10  3.513589e+10  2.583177e+10  1.652764e+10  1.877284e+10  2.266794e+10  2.483495e+10  2.596511e+10  2.385733e+10  1.635298e+10  9.408714e+09  6.385062e+09  3.361412e+09  2.294164e+09  1.506403e+09  1.073749e+09
6.335824e+08  5.610883e+08  5.948785e+08  6.627504e+08  9.691948e+08  1.275639e+09  2.370983e+09  3.579026e+09  6.798203e+09  1.122406e+10  1.449393e+10  1.583713e+10  1.749906e+10  2.139199e+10  2.528491e+10  4.959601e+10  7.682399e+10  8.503947e+10  8.184746e+10  7.524765e+10  6.296815e+10  5.025457e+10  3.450257e+10  1.875056e+10  1.881225e+10  2.113305e+10  2.146856e+10  2.061289e+10  1.798233e+10  1.239362e+10  7.206313e+09  4.828748e+09  2.451182e+09  1.648830e+09  1.071508e+09  7.698470e+08
4.456902e+08  4.271468e+08  4.963837e+08  5.994829e+08  9.396179e+08  1.279753e+09  2.395893e+09  3.622890e+09  6.775292e+09  1.108294e+10  1.427187e+10  1.559630e+10  1.747446e+10  2.322880e+10  2.898313e+10  6.300108e+10  1.010567e+11  1.108011e+11  1.035589e+11  9.440419e+10  8.206222e+10  6.832480e+10  4.481925e+10  2.131370e+10  1.882997e+10  1.934935e+10  1.821301e+10  1.608322e+10  1.323442e+10  9.187260e+09  5.413532e+09  3.553805e+09  1.694078e+09  1.111533e+09  7.114428e+08  5.169017e+08
3.297456e+08  3.235316e+08  3.867948e+08  4.775838e+08  7.610532e+08  1.044523e+09  1.934229e+09  2.910540e+09  5.420301e+09  8.850133e+09  1.248228e+10  1.645160e+10  2.059467e+10  2.595389e+10  3.131311e+10  7.487178e+10  1.238875e+11  1.379195e+11  1.309614e+11  1.219377e+11  1.094716e+11  9.422455e+10  5.951108e+10  2.479761e+10  1.879584e+10  1.689573e+10  1.510188e+10  1.337179e+10  1.103338e+10  7.681105e+09  4.543799e+09  2.911262e+09  1.278725e+09  8.152402e+08  5.187629e+08  3.776462e+08
2.162412e+08  2.219910e+08  2.792608e+08  3.578288e+08  5.854844e+08  8.131399e+08  1.480705e+09  2.211114e+09  4.093327e+09  6.666623e+09  1.076486e+10  1.740465e+10  2.383740e+10  2.882082e+10  3.380424e+10  8.648368e+10  1.459769e+11  1.641472e+11  1.575238e+11  1.486848e+11  1.361533e+11  1.194867e+11  7.387535e+10  2.826400e+10  1.880431e+10  1.450916e+10  1.205889e+10  1.071555e+10  8.876014e+09  6.209496e+09  3.699638e+09  2.286399e+09  8.731601e+08  5.256369e+08  3.303589e+08  2.414033e+08
1.658721e+08  1.679173e+08  2.101512e+08  2.688378e+08  4.426946e+08  6.165514e+08  1.145277e+09  1.724699e+09  3.461986e+09  5.893993e+09  1.294132e+10  2.768085e+10  4.129709e+10  4.705032e+10  5.280356e+10  9.087251e+10  1.335580e+11  1.485338e+11  1.468839e+11  1.429332e+11  1.351479e+11  1.228190e+11  7.868510e+10  3.455116e+10  2.237425e+10  1.476264e+10  1.093489e+10  9.377473e+09  7.693635e+09  5.799103e+09  3.943796e+09  2.363064e+09  7.823322e+08  4.357930e+08  2.655670e+08  1.879399e+08
1.158985e+08  1.142683e+08  1.415841e+08  1.805456e+08  3.010260e+08  4.215063e+08  8.124840e+08  1.242104e+09  2.835603e+09  5.127429e+09  1.510070e+10  3.787636e+10  5.861970e+10  6.513669e+10  7.165368e+10  9.522687e+10  1.212367e+11  1.330431e+11  1.363275e+11  1.372267e+11  1.341504e+11  1.261252e+11  8.345709e+10  4.078896e+10  2.591616e+10  1.501412e+10  9.819724e+09  8.049906e+09  6.520541e+09  5.391932e+09  4.186037e+09  2.439127e+09  6.922173e+08  3.466544e+08  2.012838e+08  1.348963e+08
9.927198e+07  9.374542e+07  1.120726e+08  1.398169e+08  2.334809e+08  3.271450e+08  6.573687e+08  1.021387e+09  2.594998e+09  4.894365e+09  1.763859e+10  4.779090e+10  7.532501e+10  8.453172e+10  9.373843e+10  1.013761e+11  1.087897e+11  1.154101e+11  1.215545e+11  1.250578e+11  1.241592e+11  1.182844e+11  7.757588e+10  3.686740e+10  2.283392e+10  1.261116e+10  8.079302e+09  6.961988e+09  5.938149e+09  5.070104e+09  4.094954e+09  2.370075e+09  6.451953e+08  3.136671e+08  1.811892e+08  1.191108e+08
9.845310e+07  8.892273e+07  1.010679e+08  1.216235e+08  2.010523e+08  2.804812e+08  5.864340e+08  9.247476e+08  2.537232e+09  4.914220e+09  2.035775e+10  5.757885e+10  9.174879e+10  1.045606e+11  1.173725e+11  1.083810e+11  9.627482e+10  9.674895e+10  1.047713e+11  1.098151e+11  1.098948e+11  1.051504e+11  6.663715e+10  2.812392e+10  1.660732e+10  8.947381e+09  6.041102e+09  5.987017e+09  5.635576e+09  4.788542e+09  3.845693e+09  2.232138e+09  6.185832e+08  3.072941e+08  1.820428e+08  1.209888e+08
1.121417e+08  9.649800e+07  1.024890e+08  1.164112e+08  1.858526e+08  2.552940e+08  5.460250e+08  8.683687e+08  2.462399e+09  4.819442e+09  2.119843e+10  6.094734e+10  9.792444e+10  1.154989e+11  1.330734e+11  1.118236e+11  8.502760e+10  8.308190e+10  9.604642e+10  1.032775e+11  1.009529e+11  9.445350e+10  5.873017e+10  2.300685e+10  1.291569e+10  6.486265e+09  4.384570e+09  4.879511e+09  4.910555e+09  4.168440e+09  3.348173e+09  1.980843e+09  6.135138e+08  3.321761e+08  2.059801e+08  1.407663e+08
1.564326e+08  1.302198e+08  1.301063e+08  1.385564e+08  2.069508e+08  2.753453e+08  5.699081e+08  8.967807e+08  2.351480e+09  4.482876e+09  1.808036e+10  5.078801e+10  8.250519e+10  1.072891e+11  1.320731e+11  1.077617e+11  7.643673e+10  7.992324e+10  1.042967e+11  1.150814e+11  1.032185e+11  8.887892e+10  5.720307e+10  2.552722e+10  1.456270e+10  6.556934e+09  3.530258e+09  3.491034e+09  3.293958e+09  2.833792e+09  2.326600e+09  1.490225e+09  6.538497e+08  4.229810e+08  2.786133e+08  1.983051e+08
2.010740e+08  1.642084e+08  1.579423e+08  1.608768e+08  2.282160e+08  2.955553e+08  5.939802e+08  9.254176e+08  2.239684e+09  4.143647e+09  1.493762e+10  4.054828e+10  6.696392e+10  9.901440e+10  1.310649e+11  1.036677e+11  6.777788e+10  7.673959e+10  1.126122e+11  1.269788e+11  1.055020e+11  8.326023e+10  5.566389e+10  2.806754e+10  1.622274e+10  6.628161e+09  2.669185e+09  2.091570e+09  1.664566e+09  1.488582e+09  1.296944e+09  9.957244e+08  6.945049e+08  5.145046e+08  3.518213e+08  2.562993e+08
3.461309e+08  2.700435e+08  2.401433e+08  2.199225e+08  2.674573e+08  3.149921e+08  5.839947e+08  8.846356e+08  2.091496e+09  3.842089e+09  1.336685e+10  3.584855e+10  5.935381e+10  9.002393e+10  1.206940e+11  9.551437e+10  6.235616e+10  7.038348e+10  1.031221e+11  1.149236e+11  9.182965e+10  6.935392e+10  5.120553e+10  3.305714e+10  2.038777e+10  8.501117e+09  3.373617e+09  2.301610e+09  1.610255e+09  1.553321e+09  1.484854e+09  1.335657e+09  1.186460e+09  9.138643e+08  6.236397e+08  4.499308e+08
4.945429e+08  3.783095e+08  3.242152e+08  2.802841e+08  3.074959e+08  3.347077e+08  5.734525e+08  8.424163e+08  1.940676e+09  3.536514e+09  1.179166e+10  3.114564e+10  5.172606e+10  8.089160e+10  1.100571e+11  8.719154e+10  5.689292e+10  6.389510e+10  9.327775e+10  1.024023e+11  7.776322e+10  5.514204e+10  4.664607e+10  3.815010e+10  2.464460e+10  1.042345e+10  4.107275e+09  2.534075e+09  1.574038e+09  1.635937e+09  1.690158e+09  1.690641e+09  1.691123e+09  1.322837e+09  9.018705e+08  6.480598e+08
8.513766e+08  6.349523e+08  5.264951e+08  4.300650e+08  4.178240e+08  4.055830e+08  5.840092e+08  7.896735e+08  1.754588e+09  3.175052e+09  1.049011e+10  2.762949e+10  4.581578e+10  7.133044e+10  9.684509e+10  7.709572e+10  5.088005e+10  5.622176e+10  8.049789e+10  8.736081e+10  6.520170e+10  4.512398e+10  3.961590e+10  3.410781e+10  2.315572e+10  1.142592e+10  5.613938e+09  3.352639e+09  2.070859e+09  2.421612e+09  2.757042e+09  2.985212e+09  3.213382e+09  2.489959e+09  1.630596e+09  1.132581e+09
1.299948e+09  9.569444e+08  7.808031e+08  6.191520e+08  5.589327e+08  4.987135e+08  6.034507e+08  7.317531e+08  1.551000e+09  2.784815e+09  9.281195e+09  2.454852e+10  4.052236e+10  6.144181e+10  8.236126e+10  6.610856e+10  4.454557e+10  4.793815e+10  6.630409e+10  7.104151e+10  5.306470e+10  3.668156e+10  3.145423e+10  2.622689e+10  1.926906e+10  1.206402e+10  7.463720e+09  4.426269e+09  2.795764e+09  3.510171e+09  4.196736e+09  4.688408e+09  5.180081e+09  3.988726e+09  2.556938e+09  1.743068e+09
2.037593e+09  1.508586e+09  1.226771e+09  9.643922e+08  8.380691e+08  7.117460e+08  7.425599e+08  7.958220e+08  1.454050e+09  2.475256e+09  7.696132e+09  1.991646e+10  3.273496e+10  4.974071e+10  6.674645e+10  5.467452e+10  3.844863e+10  4.200803e+10  5.743862e+10  6.113465e+10  4.527308e+10  3.077406e+10  2.581291e+10  2.085176e+10  1.619524e+10  1.158223e+10  7.985307e+09  4.998033e+09  3.458406e+09  4.331525e+09  5.264245e+09  6.614164e+09  7.964083e+09  6.190486e+09  3.970670e+09  2.714914e+09
3.041571e+09  2.271481e+09  1.848906e+09  1.452990e+09  1.243672e+09  1.034354e+09  9.903243e+08  9.699068e+08  1.451798e+09  2.235075e+09  5.758503e+09  1.384885e+10  2.263610e+10  3.630169e+10  4.996728e+10  4.272977e+10  3.250610e+10  3.813149e+10  5.326634e+10  5.688322e+10  4.130350e+10  2.708307e+10  2.237761e+10  1.767215e+10  1.382082e+10  1.009151e+10  7.320784e+09  5.125219e+09  4.071579e+09  4.921146e+09  6.008241e+09  8.758024e+09  1.150781e+10  9.043856e+09  5.835086e+09  4.020172e+09
4.226605e+09  3.253073e+09  2.678614e+09  2.137231e+09  1.827381e+09  1.517532e+09  1.391951e+09  1.292694e+09  1.610672e+09  2.178991e+09  4.428522e+09  9.480073e+09  1.516553e+10  2.528829e+10  3.541107e+10  3.184037e+10  2.631347e+10  3.182914e+10  4.397035e+10  4.705139e+10  3.503217e+10  2.397446e+10  1.964736e+10  1.532026e+10  1.217965e+10  9.208530e+09  7.115598e+09  5.549577e+09  5.172955e+09  6.778664e+09  8.509571e+09  1.111687e+10  1.372417e+10  1.099637e+10  7.506423e+09  5.439581e+09
5.614806e+09  4.476577e+09  3.737135e+09  3.036378e+09  2.606429e+09  2.176479e+09  1.961529e+09  1.777292e+09  1.943393e+09  2.319695e+09  3.739183e+09  6.897314e+09  1.045259e+10  1.678792e+10  2.312324e+10  2.199700e+10  1.980482e+10  2.287906e+10  2.911316e+10  3.116496e+10  2.624626e+10  2.146560e+10  1.765121e+10  1.383683e+10  1.131125e+10  8.969777e+09  7.400904e+09  6.295589e+09  6.805895e+09  1.000890e+10  1.291296e+10  1.372435e+10  1.453575e+10  1.199898e+10  8.983898e+09  6.992306e+09
7.364336e+09  6.055724e+09  5.154662e+09  4.294987e+09  3.725016e+09  3.155045e+09  2.838532e+09  2.558229e+09  2.582680e+09  2.789984e+09  3.595098e+09  5.396561e+09  7.455966e+09  1.132096e+10  1.518595e+10  1.524241e+10  1.475480e+10  1.658597e+10  1.980842e+10  2.123021e+10  1.965092e+10  1.792297e+10  1.515444e+10  1.238590e+10  1.067391e+10  9.112856e+09  8.295814e+09  7.925180e+09  8.792083e+09  1.172155e+10  1.435204e+10  1.488976e+10  1.542747e+10  1.331438e+10  1.082261e+10  8.917476e+09
9.417517e+09  7.927999e+09  6.860991e+09  5.836298e+09  5.107812e+09  4.379326e+09  3.949296e+09  3.561902e+09  3.445612e+09  3.491983e+09  3.797262e+09  4.534052e+09  5.446958e+09  7.592665e+09  9.738371e+09  1.021045e+10  1.044344e+10  1.175528e+10  1.371441e+10  1.473864e+10  1.420468e+10  1.357042e+10  1.223402e+10  1.089762e+10  1.016014e+10  9.508219e+09  9.620304e+09  1.019079e+10  1.108623e+10  1.252324e+10  1.393511e+10  1.517096e+10  1.640681e+10  1.488465e+10  1.296849e+10  1.116054e+10
1.415245e+10  1.193871e+10  1.025144e+10  8.651249e+09  7.660553e+09  6.669858e+09  6.076026e+09  5.538889e+09  5.250741e+09  5.111985e+09  5.142550e+09  5.455314e+09  5.848523e+09  6.804841e+09  7.761162e+09  8.212799e+09  8.592339e+09  9.341069e+09  1.031131e+10  1.096836e+10  1.110342e+10  1.122098e+10  1.121612e+10  1.121125e+10  1.177183e+10  1.241320e+10  1.403746e+10  1.625146e+10  1.859212e+10  2.114389e+10  2.347202e+10  2.423473e+10  2.499744e+10  2.243678e+10  1.940136e+10  1.668206e+10
1.518635e+10  1.319782e+10  1.158165e+10  1.004482e+10  9.063446e+09  8.082068e+09  7.473357e+09  6.917884e+09  6.564664e+09  6.332796e+09  6.214145e+09  6.284186e+09  6.380664e+09  6.662189e+09  6.943714e+09  7.325686e+09  7.722007e+09  8.154954e+09  8.609877e+09  9.077592e+09  9.566629e+09  1.007878e+10  1.075271e+10  1.142665e+10  1.248451e+10  1.359721e+10  1.535021e+10  1.748737e+10  1.961513e+10  2.172721e+10  2.361435e+10  2.392701e+10  2.423966e+10  2.214064e+10  1.969709e+10  1.739829e+10
1.333784e+10  1.227303e+10  1.126161e+10  1.028456e+10  9.548017e+09  8.811478e+09  8.377371e+09  7.986467e+09  7.745179e+09  7.593657e+09  7.546362e+09  7.672776e+09  7.819560e+09  8.108931e+09  8.398302e+09  8.836516e+09  9.295995e+09  9.850732e+09  1.046262e+10  1.112703e+10  1.187897e+10  1.263146e+10  1.338781e+10  1.414416e+10  1.496365e+10  1.579216e+10  1.653028e+10  1.721416e+10  1.773751e+10  1.799330e+10  1.817390e+10  1.782814e+10  1.748238e+10  1.653735e+10  1.550670e+10  1.443468e+10
1.824978e+10  1.741962e+10  1.652699e+10  1.565679e+10  1.494364e+10  1.423049e+10  1.389252e+10  1.360815e+10  1.359734e+10  1.375065e+10  1.406585e+10  1.465087e+10  1.528241e+10  1.623958e+10  1.719676e+10  1.831559e+10  1.945752e+10  2.039408e+10  2.120743e+10  2.223457e+10  2.361801e+10  2.485721e+10  2.508681e+10  2.531641e+10  2.534687e+10  2.534889e+10  2.562905e+10  2.607611e+10  2.634871e+10  2.633053e+10  2.617036e+10  2.501625e+10  2.386214e+10  2.209232e+10  2.023455e+10  1.904246e+10
