-START-OF-DATA-
1 1360.33
2 1360.33
3 1360.33
4 1360.33
5 1360.33
6 1360.33
7 1360.33
8 1360.33
9 1360.33
10 1360.33
11 1360.33
12 1360.33
13 1360.33
14 1360.33
15 1360.33
16 1360.33
17 1360.33
18 1360.33
19 1360.33
20 1360.33
21 1360.33
22 1360.33
23 1360.33
24 1360.33
25 1360.33
26 1360.33
27 1360.33
28 1360.33
29 1360.33
30 1360.33
31 1360.33
32 1360.33
33 1360.33
34 1360.33
35 1360.33
36 1360.33
37 1360.33
38 1360.33
39 1360.33
40 1360.33
41 1360.33
42 1360.33
43 1360.33
44 1360.33
45 1360.33
46 1360.33
47 1360.33
48 1360.33
49 1360.33
50 1360.33
51 1360.33
52 1360.33
53 1360.33
54 1360.33
55 1360.33
56 1360.33
57 1360.33
58 1360.33
59 1360.33
60 1360.33
61 1360.33
62 1360.33
63 1360.33
64 1360.33
65 1360.33
66 1360.33
67 1360.33
68 1360.33
69 1360.33
70 1360.33
71 1360.33
72 1360.33
73 1360.33
74 1360.33
75 1360.33
76 1360.33
77 1360.33
78 1360.33
79 1360.33
80 1360.33
81 1360.33
82 1360.33
83 1360.33
84 1360.33
85 1360.33
86 1360.33
87 1360.33
88 1360.33
89 1360.33
90 1360.33
91 1360.33
92 1360.33
93 1360.33
94 1360.33
95 1360.33
96 1360.33
97 1360.33
98 1360.33
99 1360.33
100 1360.33
101 64.51
102 162.16
103 365.85
104 680.16
105 994.48
106 1198.17
107 1295.82
108 1335.86
109 1351.23
110 1356.97
111 1360.33
112 1360.33
113 1360.33
114 1360.33
115 1360.33
116 1360.33
117 1360.33
118 1360.33
119 1360.33
120 1360.33
121 1360.33
122 1360.33
123 1360.33
124 1360.33
125 1360.33
126 1360.33
127 1360.33
128 1360.33
129 1360.33
130 1360.33
131 1360.33
132 1360.33
133 1360.33
134 1360.33
135 1360.33
136 1360.33
137 1360.33
138 1360.33
139 1360.33
140 1360.33
141 1360.33
142 1360.33
143 1360.33
144 1360.33
145 1360.33
146 1360.33
147 1360.33
148 1360.33
149 1360.33
150 1360.33
151 1360.33
152 1360.33
153 1360.33
154 1360.33
155 1360.33
156 1360.33
157 1360.33
158 1360.33
159 1360.33
160 1360.33
161 1360.33
162 1360.33
163 1360.33
164 1360.33
165 1360.33
166 1360.33
167 1360.33
168 1360.33
169 1360.33
170 1360.33
171 1360.33
172 1360.33
173 1360.33
174 1360.33
175 1360.33
176 1360.33
177 1360.33
178 1360.33
179 1360.33
180 1360.33
181 1360.33
182 1360.33
183 1360.33
184 1360.33
185 1360.33
186 1360.33
187 1360.33
188 1360.33
189 1360.33
190 1360.33
191 1360.33
192 1360.33
193 1360.33
194 1360.33
195 1360.33
196 1360.33
197 1360.33
198 1360.33
199 1360.33
200 1360.33
-END-OF-DATA-
