0.000000e+00  0.000000e+00  0.000000e+00  0.000000e+00  0.000000e+00  0.000000e+00  0.000000e+00  0.000000e+00  0.000000e+00  0.000000e+00  0.000000e+00  0.000000e+00  3.974854e+09  4.025847e+09  4.076840e+09  4.093106e+09  4.104411e+09  4.132589e+09  4.170889e+09  4.198712e+09  4.209069e+09  4.216214e+09  4.200868e+09  4.185522e+09  4.115777e+09  4.038261e+09  3.954642e+09  3.867362e+09  0.000000e+00  0.000000e+00  0.000000e+00  0.000000e+00  0.000000e+00  0.000000e+00  0.000000e+00  0.000000e+00
4.390941e+09  4.485585e+09  4.582727e+09  4.686654e+09  4.838088e+09  4.989521e+09  4.948000e+09  4.878914e+09  4.914943e+09  0.000000e+00  0.000000e+00  0.000000e+00  5.271233e+09  5.337084e+09  0.000000e+00  0.000000e+00  0.000000e+00  0.000000e+00  0.000000e+00  0.000000e+00  0.000000e+00  0.000000e+00  4.776246e+09  4.687499e+09  0.000000e+00  0.000000e+00  0.000000e+00  0.000000e+00  0.000000e+00  0.000000e+00  0.000000e+00  0.000000e+00  3.854279e+09  4.012849e+09  4.177743e+09  4.297795e+09
4.580156e+09  4.739139e+09  4.955397e+09  5.187652e+09  5.531882e+09  5.876114e+09  6.127939e+09  6.366562e+09  6.588453e+09  6.800303e+09  0.000000e+00  0.000000e+00  7.251571e+09  7.333025e+09  7.414476e+09  7.057534e+09  0.000000e+00  0.000000e+00  0.000000e+00  0.000000e+00  0.000000e+00  0.000000e+00  5.390683e+09  5.205652e+09  4.851546e+09  0.000000e+00  0.000000e+00  0.000000e+00  0.000000e+00  0.000000e+00  0.000000e+00  3.972973e+09  4.128632e+09  4.237364e+09  4.339391e+09  4.455539e+09
4.360390e+09  4.511839e+09  4.735454e+09  4.989858e+09  5.459791e+09  5.929725e+09  6.555048e+09  7.202570e+09  8.129580e+09  9.224284e+09  0.000000e+00  0.000000e+00  1.048750e+10  1.019147e+10  9.895430e+09  9.495186e+09  0.000000e+00  0.000000e+00  0.000000e+00  0.000000e+00  0.000000e+00  0.000000e+00  0.000000e+00  5.406356e+09  4.776948e+09  0.000000e+00  0.000000e+00  0.000000e+00  0.000000e+00  0.000000e+00  0.000000e+00  3.894717e+09  4.058595e+09  4.120133e+09  4.167052e+09  4.252240e+09
3.929743e+09  4.021101e+09  4.186171e+09  4.402829e+09  4.980594e+09  5.558360e+09  6.626312e+09  7.764292e+09  9.785614e+09  1.233694e+10  0.000000e+00  0.000000e+00  0.000000e+00  0.000000e+00  0.000000e+00  0.000000e+00  0.000000e+00  1.102861e+10  9.481552e+09  8.101215e+09  0.000000e+00  0.000000e+00  0.000000e+00  5.326327e+09  4.225123e+09  0.000000e+00  0.000000e+00  0.000000e+00  0.000000e+00  0.000000e+00  0.000000e+00  3.678051e+09  3.840443e+09  3.857792e+09  3.854420e+09  3.882613e+09
3.701305e+09  3.757396e+09  3.891903e+09  4.090783e+09  4.740271e+09  5.389759e+09  7.475222e+09  9.765823e+09  1.306790e+10  1.697687e+10  0.000000e+00  0.000000e+00  0.000000e+00  0.000000e+00  0.000000e+00  0.000000e+00  0.000000e+00  1.136759e+10  9.297496e+09  7.668648e+09  6.775215e+09  0.000000e+00  5.630754e+09  5.308348e+09  4.207098e+09  0.000000e+00  0.000000e+00  0.000000e+00  0.000000e+00  0.000000e+00  0.000000e+00  3.713406e+09  3.832272e+09  3.784707e+09  3.713365e+09  3.692263e+09
3.500057e+09  3.533488e+09  3.649705e+09  3.841212e+09  4.559746e+09  5.278279e+09  8.198567e+09  1.143339e+10  1.641168e+10  2.243605e+10  0.000000e+00  2.486157e+10  2.378676e+10  0.000000e+00  2.023051e+10  1.722994e+10  1.405473e+10  1.139050e+10  9.032865e+09  7.283838e+09  6.549160e+09  5.859463e+09  5.484628e+09  5.109794e+09  0.000000e+00  0.000000e+00  0.000000e+00  0.000000e+00  0.000000e+00  0.000000e+00  0.000000e+00  3.683722e+09  3.741789e+09  3.662482e+09  3.563548e+09  3.516298e+09
3.328387e+09  3.357271e+09  3.473068e+09  3.672858e+09  4.460591e+09  5.248324e+09  8.772492e+09  1.268758e+10  2.005898e+10  2.950416e+10  0.000000e+00  3.258153e+10  3.025766e+10  2.605295e+10  2.184825e+10  1.783786e+10  1.385524e+10  1.092529e+10  8.626951e+09  6.949027e+09  6.305128e+09  5.675687e+09  5.147442e+09  4.619196e+09  3.727141e+09  0.000000e+00  0.000000e+00  0.000000e+00  0.000000e+00  0.000000e+00  0.000000e+00  3.551453e+09  3.518182e+09  3.456534e+09  3.390832e+09  3.351652e+09
3.173316e+09  3.208293e+09  3.339128e+09  3.563874e+09  4.445990e+09  5.328104e+09  9.452532e+09  1.404015e+10  2.334899e+10  3.549058e+10  0.000000e+00  3.819735e+10  3.431272e+10  2.808808e+10  2.186345e+10  1.725300e+10  1.287314e+10  9.948911e+09  7.898055e+09  6.401946e+09  5.830415e+09  5.254872e+09  4.651249e+09  4.047625e+09  3.296857e+09  2.525068e+09  0.000000e+00  0.000000e+00  0.000000e+00  0.000000e+00  3.436718e+09  3.402930e+09  3.369143e+09  3.304651e+09  3.235771e+09  3.195855e+09
3.032615e+09  3.083662e+09  3.244073e+09  3.509520e+09  4.510209e+09  5.510899e+09  1.023656e+10  1.549435e+10  2.632936e+10  4.051068e+10  0.000000e+00  4.188976e+10  3.614211e+10  2.826250e+10  2.038289e+10  1.555049e+10  1.115340e+10  8.488299e+09  6.862388e+09  5.652759e+09  5.136931e+09  0.000000e+00  0.000000e+00  3.396326e+09  2.778537e+09  2.159166e+09  0.000000e+00  0.000000e+00  0.000000e+00  0.000000e+00  3.187691e+09  3.238160e+09  3.288629e+09  3.202133e+09  3.096070e+09  3.047188e+09
2.944749e+09  3.024572e+09  3.234389e+09  3.562704e+09  4.720513e+09  5.878322e+09  1.097108e+10  1.662597e+10  2.826295e+10  4.348918e+10  0.000000e+00  4.233352e+10  3.449361e+10  2.610479e+10  1.771597e+10  1.314042e+10  9.109619e+09  6.880111e+09  5.731376e+09  4.876040e+09  4.509700e+09  4.117529e+09  3.544543e+09  2.971557e+09  2.476936e+09  1.993510e+09  0.000000e+00  0.000000e+00  0.000000e+00  0.000000e+00  3.114929e+09  3.184897e+09  3.254866e+09  3.138455e+09  2.995418e+09  2.942922e+09
2.914856e+09  3.037934e+09  3.319794e+09  3.736370e+09  5.095965e+09  6.455561e+09  1.165828e+10  1.741002e+10  2.905004e+10  4.422303e+10  4.973889e+10  3.915950e+10  2.894931e+10  2.132344e+10  1.369757e+10  9.915523e+09  6.682600e+09  5.090126e+09  0.000000e+00  4.060293e+09  3.949623e+09  3.790554e+09  3.292694e+09  2.794833e+09  2.413759e+09  2.049369e+09  0.000000e+00  0.000000e+00  0.000000e+00  0.000000e+00  3.237934e+09  3.255402e+09  3.272871e+09  3.117404e+09  2.937232e+09  2.887048e+09
2.902605e+09  3.057048e+09  3.387490e+09  3.858887e+09  5.316976e+09  6.775066e+09  1.180636e+10  1.734810e+10  2.817444e+10  4.217153e+10  4.653216e+10  3.483204e+10  2.375238e+10  1.701597e+10  1.027956e+10  7.259857e+09  4.771108e+09  3.689738e+09  0.000000e+00  3.358419e+09  3.501644e+09  3.573149e+09  3.142616e+09  2.712083e+09  2.435314e+09  2.180511e+09  0.000000e+00  0.000000e+00  0.000000e+00  0.000000e+00  3.376163e+09  3.331749e+09  3.287335e+09  3.103458e+09  2.899658e+09  2.853761e+09
2.932575e+09  3.090807e+09  3.414907e+09  3.862290e+09  5.172663e+09  6.483036e+09  1.065545e+10  1.523673e+10  2.324205e+10  3.330179e+10  3.630540e+10  2.754880e+10  1.919839e+10  1.369143e+10  8.184468e+09  5.880653e+09  4.034432e+09  0.000000e+00  0.000000e+00  2.905409e+09  3.307893e+09  3.612627e+09  3.233108e+09  2.853590e+09  2.662728e+09  2.498817e+09  0.000000e+00  0.000000e+00  0.000000e+00  0.000000e+00  3.556486e+09  3.425133e+09  3.293778e+09  3.106174e+09  2.910534e+09  2.873864e+09
2.962737e+09  3.124291e+09  3.441499e+09  3.864522e+09  5.028258e+09  6.191995e+09  9.519482e+09  1.315608e+10  1.839653e+10  2.459931e+10  2.627366e+10  2.040061e+10  1.472477e+10  1.042937e+10  6.133979e+09  4.532595e+09  3.316069e+09  0.000000e+00  0.000000e+00  0.000000e+00  3.119187e+09  3.651419e+09  3.323076e+09  2.994731e+09  2.888946e+09  2.814956e+09  2.850682e+09  0.000000e+00  0.000000e+00  0.000000e+00  3.731733e+09  3.515679e+09  3.299624e+09  3.109034e+09  2.922081e+09  2.894575e+09
3.046186e+09  3.176300e+09  3.432192e+09  3.771844e+09  4.697826e+09  5.623809e+09  8.225030e+09  1.106557e+10  1.480569e+10  1.908555e+10  2.010148e+10  1.567753e+10  1.142195e+10  8.345011e+09  5.268074e+09  4.114939e+09  3.236633e+09  0.000000e+00  0.000000e+00  0.000000e+00  0.000000e+00  3.681121e+09  3.480472e+09  3.279824e+09  3.295007e+09  3.341023e+09  3.398908e+09  3.463913e+09  0.000000e+00  0.000000e+00  3.700365e+09  3.481592e+09  3.262820e+09  3.127328e+09  3.003733e+09  2.991539e+09
3.128980e+09  3.227900e+09  3.422957e+09  3.679894e+09  4.369989e+09  5.060084e+09  6.940742e+09  8.991482e+09  1.124304e+10  1.361508e+10  1.397777e+10  1.099153e+10  8.145064e+09  0.000000e+00  0.000000e+00  3.700564e+09  3.157821e+09  0.000000e+00  0.000000e+00  0.000000e+00  0.000000e+00  3.710588e+09  3.636634e+09  3.562678e+09  3.697880e+09  3.862960e+09  3.942828e+09  3.971569e+09  0.000000e+00  0.000000e+00  0.000000e+00  3.447774e+09  3.226304e+09  3.145478e+09  3.084744e+09  3.087742e+09
3.224755e+09  3.299468e+09  3.448609e+09  3.643319e+09  4.157002e+09  4.670685e+09  6.014222e+09  7.476311e+09  8.855131e+09  1.018399e+10  1.025088e+10  8.214494e+09  6.288588e+09  0.000000e+00  0.000000e+00  3.554744e+09  3.229328e+09  0.000000e+00  0.000000e+00  0.000000e+00  0.000000e+00  0.000000e+00  0.000000e+00  3.758948e+09  3.936478e+09  4.134470e+09  4.158061e+09  4.077012e+09  3.954238e+09  0.000000e+00  0.000000e+00  3.400485e+09  3.228784e+09  3.195108e+09  3.181149e+09  3.194699e+09
3.326751e+09  3.380556e+09  3.490829e+09  3.632988e+09  3.998354e+09  4.363719e+09  5.256793e+09  6.225253e+09  7.022877e+09  7.718000e+09  7.658457e+09  6.341134e+09  5.104659e+09  0.000000e+00  0.000000e+00  3.536219e+09  3.372189e+09  3.043398e+09  0.000000e+00  0.000000e+00  0.000000e+00  0.000000e+00  0.000000e+00  3.914276e+09  4.097311e+09  4.287369e+09  4.217520e+09  3.991727e+09  3.784824e+09  3.609403e+09  0.000000e+00  3.346774e+09  3.249766e+09  3.259704e+09  3.284921e+09  3.306829e+09
3.380609e+09  3.416759e+09  3.493877e+09  3.591361e+09  3.831422e+09  4.071482e+09  4.592697e+09  5.154077e+09  5.497175e+09  5.709301e+09  5.544151e+09  4.750208e+09  4.025683e+09  0.000000e+00  0.000000e+00  3.486873e+09  3.450549e+09  3.202394e+09  2.827141e+09  0.000000e+00  0.000000e+00  0.000000e+00  0.000000e+00  4.131336e+09  4.253500e+09  4.363113e+09  4.215046e+09  3.912371e+09  3.662297e+09  3.499890e+09  3.352157e+09  3.307138e+09  3.262119e+09  3.297446e+09  3.344253e+09  3.369037e+09
3.333063e+09  3.358398e+09  3.414353e+09  3.483699e+09  3.646789e+09  3.809879e+09  4.124413e+09  4.460582e+09  4.615528e+09  4.661741e+09  4.434746e+09  3.752406e+09  0.000000e+00  0.000000e+00  0.000000e+00  0.000000e+00  3.393044e+09  3.321678e+09  3.195153e+09  0.000000e+00  0.000000e+00  0.000000e+00  0.000000e+00  4.478835e+09  4.400121e+09  4.276320e+09  4.082012e+09  3.845400e+09  3.638436e+09  3.480886e+09  3.337927e+09  3.297114e+09  3.256300e+09  3.278633e+09  3.309988e+09  3.326098e+09
3.285140e+09  3.299575e+09  3.334200e+09  3.375186e+09  3.460696e+09  3.546206e+09  3.652423e+09  3.761599e+09  3.726906e+09  3.605891e+09  3.316561e+09  2.746706e+09  0.000000e+00  0.000000e+00  0.000000e+00  0.000000e+00  0.000000e+00  3.441906e+09  3.566077e+09  0.000000e+00  0.000000e+00  0.000000e+00  0.000000e+00  4.829085e+09  4.547901e+09  4.188840e+09  3.947925e+09  3.777900e+09  3.614387e+09  3.461732e+09  3.323586e+09  3.287011e+09  3.250436e+09  3.259672e+09  3.275451e+09  3.282819e+09
3.120004e+09  3.127641e+09  3.149869e+09  3.176311e+09  3.232261e+09  3.288211e+09  3.342729e+09  3.397042e+09  3.340198e+09  3.216659e+09  2.964010e+09  2.496178e+09  2.131637e+09  0.000000e+00  0.000000e+00  0.000000e+00  0.000000e+00  3.388595e+09  3.625971e+09  0.000000e+00  0.000000e+00  0.000000e+00  0.000000e+00  4.702983e+09  4.376856e+09  3.959587e+09  3.702003e+09  3.540230e+09  3.396243e+09  3.281901e+09  3.177998e+09  3.147169e+09  3.116339e+09  3.116115e+09  3.120263e+09  3.121121e+09
2.951014e+09  2.951802e+09  2.961554e+09  2.973404e+09  2.999932e+09  3.026461e+09  3.030392e+09  3.031094e+09  2.953780e+09  2.829656e+09  2.615420e+09  2.250998e+09  1.968783e+09  0.000000e+00  0.000000e+00  0.000000e+00  0.000000e+00  3.332413e+09  3.683020e+09  0.000000e+00  0.000000e+00  0.000000e+00  0.000000e+00  4.569295e+09  4.199451e+09  3.725234e+09  3.451092e+09  3.296994e+09  3.172536e+09  3.097477e+09  3.028677e+09  3.003697e+09  2.978717e+09  2.968937e+09  2.961328e+09  2.955605e+09
2.873611e+09  2.869735e+09  2.870581e+09  2.872846e+09  2.885039e+09  2.897234e+09  2.892005e+09  2.884287e+09  2.811027e+09  2.698442e+09  2.516551e+09  2.219154e+09  1.986185e+09  0.000000e+00  0.000000e+00  0.000000e+00  2.911163e+09  3.116606e+09  3.297580e+09  0.000000e+00  0.000000e+00  0.000000e+00  3.751528e+09  4.077258e+09  3.818450e+09  3.476135e+09  3.268441e+09  3.141518e+09  3.042866e+09  2.991335e+09  2.944615e+09  2.931581e+09  2.918547e+09  2.904316e+09  2.889915e+09  2.880321e+09
2.832840e+09  2.825129e+09  2.818403e+09  2.813002e+09  2.816871e+09  2.820740e+09  2.823328e+09  2.825733e+09  2.766725e+09  2.670868e+09  2.519326e+09  2.274970e+09  2.078350e+09  0.000000e+00  0.000000e+00  0.000000e+00  2.810998e+09  2.831445e+09  2.723227e+09  0.000000e+00  0.000000e+00  0.000000e+00  3.173935e+09  3.429404e+09  3.347326e+09  0.000000e+00  3.111127e+09  3.019864e+09  2.950019e+09  2.915875e+09  2.886200e+09  2.887819e+09  2.889438e+09  2.872798e+09  2.853549e+09  2.841142e+09
2.828293e+09  2.819495e+09  2.808566e+09  2.798733e+09  2.796584e+09  2.794435e+09  2.807653e+09  2.823066e+09  2.785698e+09  2.716662e+09  2.586988e+09  2.356252e+09  2.173452e+09  0.000000e+00  0.000000e+00  0.000000e+00  2.817735e+09  2.712185e+09  2.441007e+09  0.000000e+00  0.000000e+00  0.000000e+00  2.803041e+09  3.016204e+09  0.000000e+00  0.000000e+00  3.006269e+09  2.956446e+09  2.918581e+09  2.900646e+09  2.885512e+09  2.889983e+09  2.894455e+09  2.873818e+09  2.849594e+09  2.835811e+09
2.856187e+09  2.848758e+09  2.836603e+09  2.825198e+09  2.819041e+09  2.812885e+09  2.839358e+09  2.870492e+09  2.861599e+09  2.828689e+09  2.713492e+09  2.461151e+09  2.272101e+09  0.000000e+00  0.000000e+00  2.862498e+09  2.920405e+09  2.740559e+09  2.418061e+09  0.000000e+00  0.000000e+00  0.000000e+00  2.613945e+09  2.809469e+09  0.000000e+00  0.000000e+00  0.000000e+00  2.944644e+09  2.941910e+09  2.939287e+09  2.936587e+09  2.933355e+09  0.000000e+00  2.904027e+09  2.874666e+09  2.860783e+09
2.895089e+09  2.887963e+09  2.878318e+09  2.869007e+09  2.862034e+09  2.855060e+09  2.890389e+09  2.931761e+09  2.949002e+09  2.951767e+09  2.851929e+09  2.581090e+09  0.000000e+00  0.000000e+00  0.000000e+00  3.041291e+09  3.041023e+09  2.810407e+09  2.441584e+09  0.000000e+00  0.000000e+00  0.000000e+00  2.659827e+09  2.787333e+09  0.000000e+00  0.000000e+00  2.958678e+09  2.977585e+09  2.978753e+09  2.950359e+09  2.923567e+09  2.907984e+09  0.000000e+00  0.000000e+00  2.901919e+09  2.900703e+09
2.946084e+09  2.938126e+09  2.935011e+09  2.931738e+09  2.927359e+09  2.922980e+09  2.962520e+09  3.008334e+09  3.049407e+09  3.087638e+09  3.004224e+09  2.718071e+09  0.000000e+00  2.825311e+09  3.143199e+09  3.182408e+09  3.181805e+09  2.925231e+09  2.515075e+09  0.000000e+00  0.000000e+00  2.952806e+09  2.957795e+09  2.962785e+09  0.000000e+00  3.024326e+09  3.045049e+09  3.058711e+09  3.030359e+09  2.931983e+09  2.841779e+09  0.000000e+00  0.000000e+00  0.000000e+00  0.000000e+00  2.956946e+09
3.009606e+09  3.004954e+09  3.009635e+09  3.013864e+09  3.014935e+09  3.016007e+09  3.056530e+09  3.102689e+09  3.151568e+09  3.202079e+09  3.136510e+09  2.877472e+09  0.000000e+00  2.971609e+09  3.256761e+09  3.284756e+09  3.276015e+09  3.094328e+09  2.808871e+09  0.000000e+00  0.000000e+00  3.176607e+09  3.144715e+09  3.112823e+09  3.129012e+09  3.152071e+09  3.162349e+09  3.164958e+09  3.100248e+09  2.923338e+09  2.765641e+09  0.000000e+00  0.000000e+00  0.000000e+00  0.000000e+00  3.019856e+09
3.083771e+09  3.085230e+09  3.098837e+09  3.111816e+09  3.120401e+09  3.128986e+09  3.168447e+09  3.212320e+09  3.258970e+09  3.307286e+09  3.261196e+09  3.057761e+09  0.000000e+00  3.132703e+09  3.357547e+09  3.366190e+09  3.343946e+09  3.305266e+09  3.256724e+09  0.000000e+00  3.261773e+09  3.282422e+09  3.267454e+09  3.252487e+09  3.274579e+09  3.301965e+09  3.304335e+09  3.291697e+09  3.184751e+09  2.920629e+09  0.000000e+00  0.000000e+00  0.000000e+00  0.000000e+00  0.000000e+00  0.000000e+00
3.149317e+09  3.155112e+09  3.190366e+09  3.222053e+09  3.228774e+09  3.235495e+09  3.265359e+09  3.298530e+09  3.330562e+09  3.361911e+09  3.354802e+09  0.000000e+00  3.231357e+09  3.311929e+09  3.392503e+09  3.407530e+09  3.413193e+09  3.402515e+09  3.382032e+09  3.372964e+09  3.382923e+09  3.391886e+09  3.393877e+09  3.395869e+09  3.388173e+09  3.379094e+09  3.348405e+09  3.304749e+09  3.218152e+09  3.059989e+09  0.000000e+00  0.000000e+00  0.000000e+00  0.000000e+00  0.000000e+00  0.000000e+00
3.247156e+09  3.249879e+09  3.272062e+09  3.291681e+09  3.293349e+09  3.295017e+09  3.311619e+09  3.330353e+09  3.344715e+09  3.356453e+09  3.366806e+09  3.374847e+09  3.382666e+09  3.388918e+09  3.395171e+09  3.415033e+09  3.436839e+09  3.445036e+09  3.445066e+09  3.446962e+09  3.451968e+09  3.457929e+09  3.470575e+09  3.483221e+09  3.475910e+09  3.465747e+09  3.436277e+09  3.395222e+09  3.348179e+09  3.291158e+09  0.000000e+00  0.000000e+00  0.000000e+00  0.000000e+00  0.000000e+00  0.000000e+00
3.240646e+09  3.258574e+09  3.258620e+09  3.256889e+09  3.242723e+09  3.228557e+09  3.233766e+09  3.241743e+09  3.233969e+09  0.000000e+00  3.217268e+09  3.247369e+09  3.273330e+09  3.270316e+09  3.267301e+09  3.256327e+09  3.244217e+09  3.242215e+09  3.246279e+09  3.254299e+09  3.268915e+09  3.283969e+09  3.302083e+09  3.320196e+09  3.340876e+09  3.361921e+09  3.365935e+09  3.359730e+09  3.357499e+09  3.361892e+09  3.363404e+09  3.344765e+09  3.326125e+09  3.273349e+09  3.215695e+09  3.211987e+09
0.000000e+00  0.000000e+00  0.000000e+00  0.000000e+00  0.000000e+00  0.000000e+00  0.000000e+00  0.000000e+00  0.000000e+00  0.000000e+00  0.000000e+00  0.000000e+00  0.000000e+00  0.000000e+00  0.000000e+00  0.000000e+00  0.000000e+00  0.000000e+00  0.000000e+00  0.000000e+00  0.000000e+00  0.000000e+00  0.000000e+00  0.000000e+00  0.000000e+00  0.000000e+00  0.000000e+00  0.000000e+00  0.000000e+00  0.000000e+00  0.000000e+00  0.000000e+00  0.000000e+00  0.000000e+00  0.000000e+00  0.000000e+00
