0.000000e+00  0.000000e+00  0.000000e+00  0.000000e+00  0.000000e+00  0.000000e+00  0.000000e+00  0.000000e+00  0.000000e+00  0.000000e+00  0.000000e+00  0.000000e+00  3.312550e+08  3.355045e+08  3.397541e+08  3.411098e+08  3.420519e+08  3.444002e+08  3.475921e+08  3.499107e+08  3.507739e+08  3.513693e+08  3.500904e+08  3.488115e+08  3.429991e+08  3.365391e+08  3.295705e+08  3.222968e+08  0.000000e+00  0.000000e+00  0.000000e+00  0.000000e+00  0.000000e+00  0.000000e+00  0.000000e+00  0.000000e+00
3.659306e+08  3.738181e+08  3.819136e+08  3.905747e+08  4.031948e+08  4.158149e+08  4.123546e+08  4.065971e+08  4.095997e+08  0.000000e+00  0.000000e+00  0.000000e+00  4.392921e+08  4.447800e+08  0.000000e+00  0.000000e+00  0.000000e+00  0.000000e+00  0.000000e+00  0.000000e+00  0.000000e+00  0.000000e+00  3.980411e+08  3.906450e+08  0.000000e+00  0.000000e+00  0.000000e+00  0.000000e+00  0.000000e+00  0.000000e+00  0.000000e+00  0.000000e+00  3.212065e+08  3.344213e+08  3.481632e+08  3.581680e+08
3.816994e+08  3.949486e+08  4.129710e+08  4.323266e+08  4.610140e+08  4.897014e+08  5.106879e+08  5.305742e+08  5.490660e+08  5.667212e+08  0.000000e+00  0.000000e+00  6.043288e+08  6.111169e+08  6.179049e+08  5.881582e+08  0.000000e+00  0.000000e+00  0.000000e+00  0.000000e+00  0.000000e+00  0.000000e+00  4.492467e+08  4.338268e+08  4.043163e+08  0.000000e+00  0.000000e+00  0.000000e+00  0.000000e+00  0.000000e+00  0.000000e+00  3.310982e+08  3.440704e+08  3.531319e+08  3.616347e+08  3.713140e+08
3.633845e+08  3.760060e+08  3.946415e+08  4.158430e+08  4.550061e+08  4.941693e+08  5.462822e+08  6.002452e+08  6.775000e+08  7.687300e+08  0.000000e+00  0.000000e+00  8.740038e+08  8.493327e+08  8.246617e+08  7.913064e+08  0.000000e+00  0.000000e+00  0.000000e+00  0.000000e+00  0.000000e+00  0.000000e+00  0.000000e+00  4.505529e+08  3.980996e+08  0.000000e+00  0.000000e+00  0.000000e+00  0.000000e+00  0.000000e+00  0.000000e+00  3.245765e+08  3.382337e+08  3.433621e+08  3.472722e+08  3.543716e+08
3.274955e+08  3.351090e+08  3.488656e+08  3.669213e+08  4.150709e+08  4.632205e+08  5.522212e+08  6.470577e+08  8.155100e+08  1.028132e+09  0.000000e+00  0.000000e+00  0.000000e+00  0.000000e+00  0.000000e+00  0.000000e+00  0.000000e+00  9.190984e+08  7.901701e+08  6.751361e+08  0.000000e+00  0.000000e+00  0.000000e+00  4.438835e+08  3.521118e+08  0.000000e+00  0.000000e+00  0.000000e+00  0.000000e+00  0.000000e+00  0.000000e+00  3.065200e+08  3.200534e+08  3.214992e+08  3.212183e+08  3.235677e+08
3.084580e+08  3.131325e+08  3.243420e+08  3.409162e+08  3.950430e+08  4.491698e+08  6.229673e+08  8.138606e+08  1.089048e+09  1.414812e+09  0.000000e+00  0.000000e+00  0.000000e+00  0.000000e+00  0.000000e+00  0.000000e+00  0.000000e+00  9.473483e+08  7.748314e+08  6.390870e+08  5.646304e+08  0.000000e+00  4.692537e+08  4.423852e+08  3.506096e+08  0.000000e+00  0.000000e+00  0.000000e+00  0.000000e+00  0.000000e+00  0.000000e+00  3.094665e+08  3.193725e+08  3.154085e+08  3.094631e+08  3.077044e+08
2.916865e+08  2.944726e+08  3.041578e+08  3.201176e+08  3.799984e+08  4.398793e+08  6.832492e+08  9.528319e+08  1.367711e+09  1.869767e+09  0.000000e+00  2.071905e+09  1.982333e+09  0.000000e+00  1.685963e+09  1.435902e+09  1.171288e+09  9.492573e+08  7.527775e+08  6.070178e+08  5.457915e+08  4.883138e+08  4.570760e+08  4.258381e+08  0.000000e+00  0.000000e+00  0.000000e+00  0.000000e+00  0.000000e+00  0.000000e+00  0.000000e+00  3.069927e+08  3.118318e+08  3.052226e+08  2.969777e+08  2.930400e+08
2.773799e+08  2.797870e+08  2.894373e+08  3.060873e+08  3.717351e+08  4.373828e+08  7.310787e+08  1.057353e+09  1.671668e+09  2.458807e+09  0.000000e+00  2.715268e+09  2.521602e+09  2.171192e+09  1.820781e+09  1.486565e+09  1.154663e+09  9.104878e+08  7.189497e+08  5.791155e+08  5.254545e+08  4.729983e+08  4.289756e+08  3.849529e+08  3.106111e+08  0.000000e+00  0.000000e+00  0.000000e+00  0.000000e+00  0.000000e+00  0.000000e+00  2.959697e+08  2.931970e+08  2.880594e+08  2.825839e+08  2.793188e+08
2.644567e+08  2.673715e+08  2.782751e+08  2.970048e+08  3.705183e+08  4.440316e+08  7.877517e+08  1.170073e+09  1.945850e+09  2.957701e+09  0.000000e+00  3.183277e+09  2.859541e+09  2.340795e+09  1.822049e+09  1.437824e+09  1.072817e+09  8.291187e+08  6.582052e+08  5.335231e+08  4.858930e+08  4.379286e+08  3.876241e+08  3.373195e+08  2.747523e+08  2.104332e+08  0.000000e+00  0.000000e+00  0.000000e+00  0.000000e+00  2.864079e+08  2.835922e+08  2.807764e+08  2.754018e+08  2.696615e+08  2.663350e+08
2.527310e+08  2.569850e+08  2.703534e+08  2.924751e+08  3.758702e+08  4.592653e+08  8.530904e+08  1.291263e+09  2.194226e+09  3.376065e+09  0.000000e+00  3.490994e+09  3.011998e+09  2.355330e+09  1.698662e+09  1.295941e+09  9.294980e+08  7.073947e+08  5.718952e+08  4.710876e+08  4.280997e+08  0.000000e+00  0.000000e+00  2.830418e+08  2.315567e+08  1.799398e+08  0.000000e+00  0.000000e+00  0.000000e+00  0.000000e+00  2.656546e+08  2.698606e+08  2.740666e+08  2.668581e+08  2.580192e+08  2.539455e+08
2.454084e+08  2.520607e+08  2.695463e+08  2.969073e+08  3.933964e+08  4.898855e+08  9.143038e+08  1.385569e+09  2.355367e+09  3.624285e+09  0.000000e+00  3.527975e+09  2.874616e+09  2.175512e+09  1.476407e+09  1.095091e+09  7.591741e+08  5.733722e+08  4.776394e+08  4.063576e+08  3.758278e+08  3.431452e+08  2.953938e+08  2.476425e+08  2.064220e+08  1.661344e+08  0.000000e+00  0.000000e+00  0.000000e+00  0.000000e+00  2.595908e+08  2.654218e+08  2.712528e+08  2.615514e+08  2.496311e+08  2.452561e+08
2.429173e+08  2.531743e+08  2.766637e+08  3.113802e+08  4.246857e+08  5.379912e+08  9.715734e+08  1.450909e+09  2.420962e+09  3.685443e+09  4.145121e+09  3.263461e+09  2.412567e+09  1.777045e+09  1.141523e+09  8.263363e+08  5.569121e+08  4.241991e+08  0.000000e+00  3.383752e+08  3.291522e+08  3.158958e+08  2.744052e+08  2.329148e+08  2.011570e+08  1.707895e+08  0.000000e+00  0.000000e+00  0.000000e+00  0.000000e+00  2.698418e+08  2.712976e+08  2.727533e+08  2.597971e+08  2.447820e+08  2.405997e+08
2.418962e+08  2.547672e+08  2.823054e+08  3.215905e+08  4.431042e+08  5.646179e+08  9.839137e+08  1.445750e+09  2.347991e+09  3.514475e+09  3.877880e+09  2.902820e+09  1.979467e+09  1.418071e+09  8.566746e+08  6.050193e+08  3.976128e+08  3.074941e+08  0.000000e+00  2.798827e+08  2.918188e+08  2.977778e+08  2.618982e+08  2.260186e+08  2.029533e+08  1.817186e+08  0.000000e+00  0.000000e+00  0.000000e+00  0.000000e+00  2.813615e+08  2.776601e+08  2.739587e+08  2.586349e+08  2.416506e+08  2.378257e+08
2.443939e+08  2.575805e+08  2.845903e+08  3.218741e+08  4.310775e+08  5.402809e+08  8.879999e+08  1.269793e+09  1.936937e+09  2.775292e+09  3.025607e+09  2.295852e+09  1.599949e+09  1.141011e+09  6.820742e+08  4.900797e+08  3.362200e+08  0.000000e+00  0.000000e+00  2.421299e+08  2.756720e+08  3.010678e+08  2.694396e+08  2.378114e+08  2.219054e+08  2.082455e+08  0.000000e+00  0.000000e+00  0.000000e+00  0.000000e+00  2.963892e+08  2.854425e+08  2.744957e+08  2.588612e+08  2.425571e+08  2.395010e+08
2.469075e+08  2.603711e+08  2.868064e+08  3.220601e+08  4.190432e+08  5.160262e+08  7.933311e+08  1.096396e+09  1.533124e+09  2.050049e+09  2.189584e+09  1.700138e+09  1.227127e+09  8.691592e+08  5.111913e+08  3.777357e+08  2.763534e+08  0.000000e+00  0.000000e+00  0.000000e+00  2.599457e+08  3.043007e+08  2.769372e+08  2.495738e+08  2.407580e+08  2.345918e+08  2.375691e+08  0.000000e+00  0.000000e+00  0.000000e+00  3.109938e+08  2.929884e+08  2.749829e+08  2.590995e+08  2.435193e+08  2.412270e+08
2.538620e+08  2.647053e+08  2.860307e+08  3.143365e+08  3.915057e+08  4.686749e+08  6.854545e+08  9.221785e+08  1.233871e+09  1.590545e+09  1.675210e+09  1.306528e+09  9.518782e+08  6.954535e+08  4.390289e+08  3.429293e+08  2.697334e+08  0.000000e+00  0.000000e+00  0.000000e+00  0.000000e+00  3.067759e+08  2.900543e+08  2.733328e+08  2.745981e+08  2.784330e+08  2.832569e+08  2.886743e+08  0.000000e+00  0.000000e+00  3.083797e+08  2.901477e+08  2.719157e+08  2.606241e+08  2.503240e+08  2.493078e+08
2.607618e+08  2.690055e+08  2.852611e+08  3.066736e+08  3.641845e+08  4.216955e+08  5.784250e+08  7.493288e+08  9.369682e+08  1.134649e+09  1.164875e+09  9.160083e+08  6.787903e+08  0.000000e+00  0.000000e+00  3.083962e+08  2.631653e+08  0.000000e+00  0.000000e+00  0.000000e+00  0.000000e+00  3.092316e+08  3.030684e+08  2.969052e+08  3.081725e+08  3.219300e+08  3.285860e+08  3.309812e+08  0.000000e+00  0.000000e+00  0.000000e+00  2.873293e+08  2.688725e+08  2.621367e+08  2.570753e+08  2.573252e+08
2.687434e+08  2.749698e+08  2.873989e+08  3.036256e+08  3.464347e+08  3.892439e+08  5.012111e+08  6.230580e+08  7.379657e+08  8.487097e+08  8.542842e+08  6.845764e+08  5.240760e+08  0.000000e+00  0.000000e+00  2.962439e+08  2.691245e+08  0.000000e+00  0.000000e+00  0.000000e+00  0.000000e+00  0.000000e+00  0.000000e+00  3.132618e+08  3.280567e+08  3.445570e+08  3.465230e+08  3.397685e+08  3.295369e+08  0.000000e+00  0.000000e+00  2.833884e+08  2.690793e+08  2.662727e+08  2.651094e+08  2.662386e+08
2.772436e+08  2.817275e+08  2.909174e+08  3.027647e+08  3.332133e+08  3.636620e+08  4.380887e+08  5.187978e+08  5.852700e+08  6.431999e+08  6.382377e+08  5.284552e+08  4.254102e+08  0.000000e+00  0.000000e+00  2.947002e+08  2.810303e+08  2.536296e+08  0.000000e+00  0.000000e+00  0.000000e+00  0.000000e+00  0.000000e+00  3.262066e+08  3.414602e+08  3.572992e+08  3.514781e+08  3.326612e+08  3.154183e+08  3.007991e+08  0.000000e+00  2.789122e+08  2.708278e+08  2.716560e+08  2.737575e+08  2.755833e+08
2.817319e+08  2.847446e+08  2.911714e+08  2.992956e+08  3.193016e+08  3.393077e+08  3.827445e+08  4.295286e+08  4.581215e+08  4.757996e+08  4.620365e+08  3.958711e+08  3.354909e+08  0.000000e+00  0.000000e+00  2.905877e+08  2.875606e+08  2.668800e+08  2.356073e+08  0.000000e+00  0.000000e+00  0.000000e+00  0.000000e+00  3.442958e+08  3.544766e+08  3.636116e+08  3.512720e+08  3.260478e+08  3.052072e+08  2.916725e+08  2.793608e+08  2.756090e+08  2.718572e+08  2.748014e+08  2.787021e+08  2.807676e+08
2.777696e+08  2.798810e+08  2.845441e+08  2.903233e+08  3.039148e+08  3.175063e+08  3.437189e+08  3.717344e+08  3.846472e+08  3.884984e+08  3.695812e+08  3.127166e+08  0.000000e+00  0.000000e+00  0.000000e+00  0.000000e+00  2.827683e+08  2.768208e+08  2.662765e+08  0.000000e+00  0.000000e+00  0.000000e+00  0.000000e+00  3.732556e+08  3.666956e+08  3.563784e+08  3.401852e+08  3.204665e+08  3.032187e+08  2.900888e+08  2.781749e+08  2.747737e+08  2.713724e+08  2.732336e+08  2.758465e+08  2.771892e+08
2.737758e+08  2.749788e+08  2.778644e+08  2.812800e+08  2.884062e+08  2.955324e+08  3.043843e+08  3.134828e+08  3.105915e+08  3.005064e+08  2.763943e+08  2.289040e+08  0.000000e+00  0.000000e+00  0.000000e+00  0.000000e+00  0.000000e+00  2.868403e+08  2.971884e+08  0.000000e+00  0.000000e+00  0.000000e+00  0.000000e+00  4.024445e+08  3.790113e+08  3.490880e+08  3.290108e+08  3.148412e+08  3.012145e+08  2.884925e+08  2.769798e+08  2.739317e+08  2.708836e+08  2.716533e+08  2.729684e+08  2.735824e+08
2.600138e+08  2.606502e+08  2.625026e+08  2.647063e+08  2.693690e+08  2.740318e+08  2.785751e+08  2.831015e+08  2.783642e+08  2.680687e+08  2.470136e+08  2.080256e+08  1.776456e+08  0.000000e+00  0.000000e+00  0.000000e+00  0.000000e+00  2.823975e+08  3.021799e+08  0.000000e+00  0.000000e+00  0.000000e+00  0.000000e+00  3.919355e+08  3.647569e+08  3.299826e+08  3.085161e+08  2.950344e+08  2.830348e+08  2.735059e+08  2.648468e+08  2.622776e+08  2.597084e+08  2.596897e+08  2.600354e+08  2.601068e+08
2.459305e+08  2.459962e+08  2.468089e+08  2.477965e+08  2.500073e+08  2.522181e+08  2.525457e+08  2.526042e+08  2.461611e+08  2.358168e+08  2.179629e+08  1.875928e+08  1.640737e+08  0.000000e+00  0.000000e+00  0.000000e+00  0.000000e+00  2.777154e+08  3.069342e+08  0.000000e+00  0.000000e+00  0.000000e+00  0.000000e+00  3.807942e+08  3.499723e+08  3.104523e+08  2.876059e+08  2.747637e+08  2.643917e+08  2.581364e+08  2.524028e+08  2.503210e+08  2.482392e+08  2.474241e+08  2.467901e+08  2.463131e+08
2.394799e+08  2.391569e+08  2.392274e+08  2.394161e+08  2.404324e+08  2.414486e+08  2.410129e+08  2.403697e+08  2.342644e+08  2.248817e+08  2.097234e+08  1.849391e+08  1.655239e+08  0.000000e+00  0.000000e+00  0.000000e+00  2.426094e+08  2.597306e+08  2.748125e+08  0.000000e+00  0.000000e+00  0.000000e+00  3.126435e+08  3.397891e+08  3.182206e+08  2.896929e+08  2.723841e+08  2.618067e+08  2.535853e+08  2.492908e+08  2.453972e+08  2.443110e+08  2.432248e+08  2.420389e+08  2.408387e+08  2.400391e+08
2.360822e+08  2.354396e+08  2.348791e+08  2.344289e+08  2.347514e+08  2.350738e+08  2.352895e+08  2.354900e+08  2.305723e+08  2.225839e+08  2.099546e+08  1.895907e+08  1.732048e+08  0.000000e+00  0.000000e+00  0.000000e+00  2.342619e+08  2.359659e+08  2.269473e+08  0.000000e+00  0.000000e+00  0.000000e+00  2.645083e+08  2.857984e+08  2.789583e+08  0.000000e+00  2.592739e+08  2.516683e+08  2.458477e+08  2.430021e+08  2.405291e+08  2.406640e+08  2.407990e+08  2.394122e+08  2.378080e+08  2.367741e+08
2.357032e+08  2.349701e+08  2.340592e+08  2.332398e+08  2.330607e+08  2.328816e+08  2.339831e+08  2.352676e+08  2.321535e+08  2.264002e+08  2.155934e+08  1.963645e+08  1.811303e+08  0.000000e+00  0.000000e+00  0.000000e+00  2.348233e+08  2.260271e+08  2.034278e+08  0.000000e+00  0.000000e+00  0.000000e+00  2.335988e+08  2.513633e+08  0.000000e+00  0.000000e+00  2.505353e+08  2.463832e+08  2.432276e+08  2.417330e+08  2.404717e+08  2.408444e+08  2.412170e+08  2.394972e+08  2.374784e+08  2.363298e+08
2.380279e+08  2.374087e+08  2.363958e+08  2.354453e+08  2.349322e+08  2.344192e+08  2.366254e+08  2.392200e+08  2.384789e+08  2.357363e+08  2.261360e+08  2.051065e+08  1.893515e+08  0.000000e+00  0.000000e+00  2.385538e+08  2.433796e+08  2.283917e+08  2.015154e+08  0.000000e+00  0.000000e+00  0.000000e+00  2.178400e+08  2.341345e+08  0.000000e+00  0.000000e+00  0.000000e+00  2.453997e+08  2.451718e+08  2.449532e+08  2.447282e+08  2.444588e+08  0.000000e+00  2.420147e+08  2.395678e+08  2.384108e+08
2.412699e+08  2.406760e+08  2.398722e+08  2.390963e+08  2.385151e+08  2.379340e+08  2.408782e+08  2.443260e+08  2.457629e+08  2.459932e+08  2.376730e+08  2.151019e+08  0.000000e+00  0.000000e+00  0.000000e+00  2.534540e+08  2.534316e+08  2.342127e+08  2.034759e+08  0.000000e+00  0.000000e+00  0.000000e+00  2.216637e+08  2.322897e+08  0.000000e+00  0.000000e+00  2.465692e+08  2.481448e+08  2.482422e+08  2.458759e+08  2.436431e+08  2.423446e+08  0.000000e+00  0.000000e+00  2.418390e+08  2.417377e+08
2.455196e+08  2.448565e+08  2.445969e+08  2.443241e+08  2.439592e+08  2.435942e+08  2.468894e+08  2.507074e+08  2.541304e+08  2.573164e+08  2.503649e+08  2.265176e+08  0.000000e+00  2.354547e+08  2.619468e+08  2.652144e+08  2.651641e+08  2.437818e+08  2.096004e+08  0.000000e+00  0.000000e+00  2.460798e+08  2.464956e+08  2.469115e+08  0.000000e+00  2.520402e+08  2.537672e+08  2.549057e+08  2.525429e+08  2.443445e+08  2.368272e+08  0.000000e+00  0.000000e+00  0.000000e+00  0.000000e+00  2.464249e+08
2.508134e+08  2.504258e+08  2.508159e+08  2.511683e+08  2.512576e+08  2.513469e+08  2.547240e+08  2.585708e+08  2.626442e+08  2.668537e+08  2.613893e+08  2.398017e+08  0.000000e+00  2.476469e+08  2.714108e+08  2.737438e+08  2.730154e+08  2.578739e+08  2.340847e+08  0.000000e+00  0.000000e+00  2.647309e+08  2.620731e+08  2.594153e+08  2.607645e+08  2.626861e+08  2.635427e+08  2.637601e+08  2.583673e+08  2.436241e+08  2.304820e+08  0.000000e+00  0.000000e+00  0.000000e+00  0.000000e+00  2.516677e+08
2.569942e+08  2.571158e+08  2.582497e+08  2.593313e+08  2.600468e+08  2.607623e+08  2.640509e+08  2.677071e+08  2.715948e+08  2.756214e+08  2.717804e+08  2.548265e+08  0.000000e+00  2.610721e+08  2.798100e+08  2.805303e+08  2.786765e+08  2.754531e+08  2.714077e+08  0.000000e+00  2.718284e+08  2.735492e+08  2.723019e+08  2.710546e+08  2.728956e+08  2.751779e+08  2.753755e+08  2.743222e+08  2.654097e+08  2.433983e+08  0.000000e+00  0.000000e+00  0.000000e+00  0.000000e+00  0.000000e+00  0.000000e+00
2.624566e+08  2.629395e+08  2.658776e+08  2.685183e+08  2.690784e+08  2.696385e+08  2.721273e+08  2.748917e+08  2.775612e+08  2.801738e+08  2.795813e+08  0.000000e+00  2.692936e+08  2.760084e+08  2.827231e+08  2.839755e+08  2.844475e+08  2.835576e+08  2.818505e+08  2.810949e+08  2.819248e+08  2.826717e+08  2.828377e+08  2.830037e+08  2.823623e+08  2.816058e+08  2.790481e+08  2.754100e+08  2.681932e+08  2.550122e+08  0.000000e+00  0.000000e+00  0.000000e+00  0.000000e+00  0.000000e+00  0.000000e+00
2.706103e+08  2.708372e+08  2.726859e+08  2.743209e+08  2.744599e+08  2.745989e+08  2.759825e+08  2.775437e+08  2.787406e+08  2.797189e+08  2.805816e+08  2.812518e+08  2.819034e+08  2.824244e+08  2.829455e+08  2.846008e+08  2.864180e+08  2.871011e+08  2.871036e+08  2.872617e+08  2.876789e+08  2.881756e+08  2.892295e+08  2.902834e+08  2.896741e+08  2.888272e+08  2.863712e+08  2.829498e+08  2.790294e+08  2.742773e+08  0.000000e+00  0.000000e+00  0.000000e+00  0.000000e+00  0.000000e+00  0.000000e+00
2.700677e+08  2.715619e+08  2.715657e+08  2.714214e+08  2.702408e+08  2.690603e+08  2.694944e+08  2.701592e+08  2.695114e+08  0.000000e+00  2.681195e+08  2.706280e+08  2.727916e+08  2.725404e+08  2.722892e+08  2.713747e+08  2.703654e+08  2.701985e+08  2.705372e+08  2.712056e+08  2.724237e+08  2.736782e+08  2.751877e+08  2.766973e+08  2.784207e+08  2.801745e+08  2.805090e+08  2.799920e+08  2.798060e+08  2.801721e+08  2.802981e+08  2.787448e+08  2.771914e+08  2.727931e+08  2.679884e+08  2.676794e+08
0.000000e+00  0.000000e+00  0.000000e+00  0.000000e+00  0.000000e+00  0.000000e+00  0.000000e+00  0.000000e+00  0.000000e+00  0.000000e+00  0.000000e+00  0.000000e+00  0.000000e+00  0.000000e+00  0.000000e+00  0.000000e+00  0.000000e+00  0.000000e+00  0.000000e+00  0.000000e+00  0.000000e+00  0.000000e+00  0.000000e+00  0.000000e+00  0.000000e+00  0.000000e+00  0.000000e+00  0.000000e+00  0.000000e+00  0.000000e+00  0.000000e+00  0.000000e+00  0.000000e+00  0.000000e+00  0.000000e+00  0.000000e+00
