-START-OF-DATA-
1.0 1360.33
2.0 1360.33
3.0 1360.33
4.0 1360.33
5.0 1360.33
6.0 1360.33
7.0 1360.33
8.0 1360.33
9.0 1360.33
10.0 1360.33
11.0 1360.33
12.0 1360.33
13.0 1360.33
14.0 1360.33
15.0 1360.33
16.0 1360.33
17.0 1360.33
18.0 1360.33
19.0 1360.33
20.0 1360.33
21.0 1360.33
22.0 1360.33
23.0 1360.33
24.0 1360.33
25.0 1360.33
26.0 1360.33
27.0 1360.33
28.0 1360.33
29.0 1360.33
30.0 1360.33
31.0 1360.33
32.0 1360.33
33.0 1360.33
34.0 1360.33
35.0 1360.33
36.0 1360.33
37.0 1360.33
38.0 1360.33
39.0 1360.33
40.0 1360.33
41.0 1360.33
42.0 1360.33
43.0 1360.33
44.0 1360.33
45.0 1360.33
46.0 1360.33
47.0 1360.33
48.0 1360.33
49.0 1360.33
50.0 1360.33
51.0 1360.33
52.0 1360.33
53.0 1360.33
54.0 1360.33
55.0 1360.33
56.0 1360.33
57.0 1360.33
58.0 1360.33
59.0 1360.33
60.0 1360.33
61.0 1360.33
62.0 1360.33
63.0 1360.33
64.0 1360.33
65.0 1360.33
66.0 1360.33
67.0 1360.33
68.0 1360.33
69.0 1360.33
70.0 1360.33
71.0 1360.33
72.0 1360.33
73.0 1360.33
74.0 1360.33
75.0 1360.33
76.0 1360.33
77.0 1360.33
78.0 1360.33
79.0 1360.33
80.0 1360.33
81.0 1360.33
82.0 1360.33
83.0 1360.33
84.0 1360.33
85.0 1360.33
86.0 1360.33
87.0 1360.33
88.0 1360.33
89.0 1360.33
90.0 1360.33
91.0 1360.33
92.0 1360.33
93.0 1360.33
94.0 1360.33
95.0 1360.33
96.0 1360.33
97.0 1360.33
98.0 1360.33
99.0 1360.33
100.0 1360.33
101.0 0.00
102.0 244.86
103.0 1190.29
104.0 1360.33
105.0 1360.33
106.0 1360.33
107.0 1360.33
108.0 1360.33
109.0 1360.33
110.0 1360.33
111.0 1360.33
112.0 1360.33
113.0 1360.33
114.0 1360.33
115.0 1360.33
116.0 1360.33
117.0 1360.33
118.0 1360.33
119.0 1360.33
120.0 1360.33
121.0 1360.33
122.0 1360.33
123.0 1360.33
124.0 1360.33
125.0 1360.33
126.0 1360.33
127.0 1360.33
128.0 1360.33
129.0 1360.33
130.0 1360.33
131.0 1360.33
132.0 1360.33
133.0 1360.33
134.0 1360.33
135.0 1360.33
136.0 1360.33
137.0 1360.33
138.0 1360.33
139.0 1360.33
140.0 1360.33
141.0 1360.33
142.0 1360.33
143.0 1360.33
144.0 1360.33
145.0 1360.33
146.0 1360.33
147.0 1360.33
148.0 1360.33
149.0 1360.33
150.0 1360.33
151.0 1360.33
152.0 1360.33
153.0 1360.33
154.0 1360.33
155.0 1360.33
156.0 1360.33
157.0 1360.33
158.0 1360.33
159.0 1360.33
160.0 1360.33
161.0 1360.33
162.0 1360.33
163.0 1360.33
164.0 1360.33
165.0 1360.33
166.0 1360.33
167.0 1360.33
168.0 1360.33
169.0 1360.33
170.0 1360.33
171.0 1360.33
172.0 1360.33
173.0 1360.33
174.0 1360.33
175.0 1360.33
176.0 1360.33
177.0 1360.33
178.0 1360.33
179.0 1360.33
180.0 1360.33
181.0 1360.33
182.0 1360.33
183.0 1360.33
184.0 1360.33
185.0 1360.33
186.0 1360.33
187.0 1360.33
188.0 1360.33
189.0 1360.33
190.0 1360.33
191.0 1360.33
192.0 1360.33
193.0 1360.33
194.0 1360.33
195.0 1360.33
196.0 1360.33
197.0 1360.33
198.0 1360.33
199.0 1360.33
200.0 1360.33
201.0 1360.33
202.0 1360.33
203.0 1360.33
204.0 1360.33
205.0 1360.33
206.0 1360.33
207.0 1360.33
208.0 1360.33
209.0 1360.33
210.0 1360.33
211.0 1360.33
212.0 1360.33
213.0 1360.33
214.0 1360.33
215.0 1360.33
216.0 1360.33
217.0 1360.33
218.0 1360.33
219.0 1360.33
220.0 1360.33
221.0 1360.33
222.0 1360.33
223.0 1360.33
224.0 1360.33
225.0 1360.33
226.0 1360.33
227.0 1360.33
228.0 1360.33
229.0 1360.33
230.0 1360.33
231.0 1360.33
232.0 1360.33
233.0 1360.33
234.0 1360.33
235.0 1360.33
236.0 1360.33
237.0 1360.33
238.0 1360.33
239.0 1360.33
240.0 1360.33
241.0 1360.33
242.0 1360.33
243.0 1360.33
244.0 1360.33
245.0 1360.33
246.0 1360.33
247.0 1360.33
248.0 1360.33
249.0 1360.33
250.0 1360.33
251.0 1360.33
252.0 1360.33
253.0 1360.33
254.0 1360.33
255.0 1360.33
256.0 1360.33
257.0 1360.33
258.0 1360.33
259.0 1360.33
260.0 1360.33
261.0 1360.33
262.0 1360.33
263.0 1360.33
264.0 1360.33
265.0 1360.33
266.0 1360.33
267.0 1360.33
268.0 1360.33
269.0 1360.33
270.0 1360.33
271.0 1360.33
272.0 1360.33
273.0 1360.33
274.0 1360.33
275.0 1360.33
276.0 1360.33
277.0 1360.33
278.0 1360.33
279.0 1360.33
280.0 1360.33
281.0 1360.33
282.0 1360.33
283.0 1360.33
284.0 1360.33
285.0 1360.33
286.0 1360.33
287.0 1360.33
288.0 1360.33
289.0 1360.33
290.0 1360.33
291.0 1360.33
292.0 1360.33
293.0 1360.33
294.0 1360.33
295.0 1360.33
296.0 1360.33
297.0 1360.33
298.0 1360.33
299.0 1360.33
300.0 1360.33
301.0 1360.33
302.0 1360.33
303.0 1360.33
304.0 1360.33
305.0 1360.33
306.0 1360.33
307.0 1360.33
308.0 1360.33
309.0 1360.33
310.0 1360.33
311.0 1360.33
312.0 1360.33
313.0 1360.33
314.0 1360.33
315.0 1360.33
316.0 1360.33
317.0 1360.33
318.0 1360.33
319.0 1360.33
320.0 1360.33
321.0 1360.33
322.0 1360.33
323.0 1360.33
324.0 1360.33
325.0 1360.33
326.0 1360.33
327.0 1360.33
328.0 1360.33
329.0 1360.33
330.0 1360.33
331.0 1360.33
332.0 1360.33
333.0 1360.33
334.0 1360.33
335.0 1360.33
336.0 1360.33
337.0 1360.33
338.0 1360.33
339.0 1360.33
340.0 1360.33
341.0 1360.33
342.0 1360.33
343.0 1360.33
344.0 1360.33
345.0 1360.33
346.0 1360.33
347.0 1360.33
348.0 1360.33
349.0 1360.33
350.0 1360.33
351.0 1360.33
352.0 1360.33
353.0 1360.33
354.0 1360.33
355.0 1360.33
356.0 1360.33
357.0 1360.33
358.0 1360.33
359.0 1360.33
360.0 1360.33
361.0 1360.33
362.0 1360.33
363.0 1360.33
364.0 1360.33
365.0 1360.33
366.0 1360.33
367.0 1360.33
368.0 1360.33
369.0 1360.33
370.0 1360.33
371.0 1360.33
372.0 1360.33
373.0 1360.33
374.0 1360.33
375.0 1360.33
376.0 1360.33
377.0 1360.33
378.0 1360.33
379.0 1360.33
380.0 1360.33
381.0 1360.33
382.0 1360.33
383.0 1360.33
384.0 1360.33
385.0 1360.33
386.0 1360.33
387.0 1360.33
388.0 1360.33
389.0 1360.33
390.0 1360.33
391.0 1360.33
392.0 1360.33
393.0 1360.33
394.0 1360.33
395.0 1360.33
396.0 1360.33
397.0 1360.33
398.0 1360.33
399.0 1360.33
400.0 1360.33
401.0 1360.33
402.0 1360.33
403.0 1360.33
404.0 1360.33
405.0 1360.33
406.0 1360.33
407.0 1360.33
408.0 1360.33
409.0 1360.33
410.0 1360.33
411.0 1360.33
412.0 1360.33
413.0 1360.33
414.0 1360.33
415.0 1360.33
416.0 1360.33
417.0 1360.33
418.0 1360.33
419.0 1360.33
420.0 1360.33
421.0 1360.33
422.0 1360.33
423.0 1360.33
424.0 1360.33
425.0 1360.33
426.0 1360.33
427.0 1360.33
428.0 1360.33
429.0 1360.33
430.0 1360.33
431.0 1360.33
432.0 1360.33
433.0 1360.33
434.0 1360.33
435.0 1360.33
436.0 1360.33
437.0 1360.33
438.0 1360.33
439.0 1360.33
440.0 1360.33
441.0 1360.33
442.0 1360.33
443.0 1360.33
444.0 1360.33
445.0 1360.33
446.0 1360.33
447.0 1360.33
448.0 1360.33
449.0 1360.33
450.0 1360.33
451.0 1360.33
452.0 1360.33
453.0 1360.33
454.0 1360.33
455.0 1360.33
456.0 1360.33
457.0 1360.33
458.0 1360.33
459.0 1360.33
460.0 1360.33
461.0 1360.33
462.0 1360.33
463.0 1360.33
464.0 1360.33
465.0 1360.33
466.0 1360.33
467.0 1360.33
468.0 1360.33
469.0 1360.33
470.0 1360.33
471.0 1360.33
472.0 1360.33
473.0 1360.33
474.0 1360.33
475.0 1360.33
476.0 1360.33
477.0 1360.33
478.0 1360.33
479.0 1360.33
480.0 1360.33
481.0 1360.33
482.0 1360.33
483.0 1360.33
484.0 1360.33
485.0 1360.33
486.0 1360.33
487.0 1360.33
488.0 1360.33
489.0 1360.33
490.0 1360.33
491.0 1360.33
492.0 1360.33
493.0 1360.33
494.0 1360.33
495.0 1360.33
496.0 1360.33
497.0 1360.33
498.0 1360.33
499.0 1360.33
500.0 1360.33
501.0 1360.33
502.0 1360.33
503.0 1360.33
504.0 1360.33
505.0 1360.33
506.0 1360.33
507.0 1360.33
508.0 1360.33
509.0 1360.33
510.0 1360.33
511.0 1360.33
512.0 1360.33
513.0 1360.33
514.0 1360.33
515.0 1360.33
516.0 1360.33
517.0 1360.33
518.0 1360.33
519.0 1360.33
520.0 1360.33
521.0 1360.33
522.0 1360.33
523.0 1360.33
524.0 1360.33
525.0 1360.33
526.0 1360.33
527.0 1360.33
528.0 1360.33
529.0 1360.33
530.0 1360.33
531.0 1360.33
532.0 1360.33
533.0 1360.33
534.0 1360.33
535.0 1360.33
536.0 1360.33
537.0 1360.33
538.0 1360.33
539.0 1360.33
540.0 1360.33
541.0 1360.33
542.0 1360.33
543.0 1360.33
544.0 1360.33
545.0 1360.33
546.0 1360.33
547.0 1360.33
548.0 1360.33
549.0 1360.33
550.0 1360.33
551.0 1360.33
552.0 1360.33
553.0 1360.33
554.0 1360.33
555.0 1360.33
556.0 1360.33
557.0 1360.33
558.0 1360.33
559.0 1360.33
560.0 1360.33
561.0 1360.33
562.0 1360.33
563.0 1360.33
564.0 1360.33
565.0 1360.33
566.0 1360.33
567.0 1360.33
568.0 1360.33
569.0 1360.33
570.0 1360.33
571.0 1360.33
572.0 1360.33
573.0 1360.33
574.0 1360.33
575.0 1360.33
576.0 1360.33
577.0 1360.33
578.0 1360.33
579.0 1360.33
580.0 1360.33
581.0 1360.33
582.0 1360.33
583.0 1360.33
584.0 1360.33
585.0 1360.33
586.0 1360.33
587.0 1360.33
588.0 1360.33
589.0 1360.33
590.0 1360.33
591.0 1360.33
592.0 1360.33
593.0 1360.33
594.0 1360.33
595.0 1360.33
596.0 1360.33
597.0 1360.33
598.0 1360.33
599.0 1360.33
600.0 1360.33
601.0 1360.33
602.0 1360.33
603.0 1360.33
604.0 1360.33
605.0 1360.33
606.0 1360.33
607.0 1360.33
608.0 1360.33
609.0 1360.33
610.0 1360.33
611.0 1360.33
612.0 1360.33
613.0 1360.33
614.0 1360.33
615.0 1360.33
616.0 1360.33
617.0 1360.33
618.0 1360.33
619.0 1360.33
620.0 1360.33
621.0 1360.33
622.0 1360.33
623.0 1360.33
624.0 1360.33
625.0 1360.33
626.0 1360.33
627.0 1360.33
628.0 1360.33
629.0 1360.33
630.0 1360.33
631.0 1360.33
632.0 1360.33
633.0 1360.33
634.0 1360.33
635.0 1360.33
636.0 1360.33
637.0 1360.33
638.0 1360.33
639.0 1360.33
640.0 1360.33
641.0 1360.33
642.0 1360.33
643.0 1360.33
644.0 1360.33
645.0 1360.33
646.0 1360.33
647.0 1360.33
648.0 1360.33
649.0 1360.33
650.0 1360.33
651.0 1360.33
652.0 1360.33
653.0 1360.33
654.0 1360.33
655.0 1360.33
656.0 1360.33
657.0 1360.33
658.0 1360.33
659.0 1360.33
660.0 1360.33
661.0 1360.33
662.0 1360.33
663.0 1360.33
664.0 1360.33
665.0 1360.33
666.0 1360.33
667.0 1360.33
668.0 1360.33
669.0 1360.33
670.0 1360.33
671.0 1360.33
672.0 1360.33
673.0 1360.33
674.0 1360.33
675.0 1360.33
676.0 1360.33
677.0 1360.33
678.0 1360.33
679.0 1360.33
680.0 1360.33
681.0 1360.33
682.0 1360.33
683.0 1360.33
684.0 1360.33
685.0 1360.33
686.0 1360.33
687.0 1360.33
688.0 1360.33
689.0 1360.33
690.0 1360.33
691.0 1360.33
692.0 1360.33
693.0 1360.33
694.0 1360.33
695.0 1360.33
696.0 1360.33
697.0 1360.33
698.0 1360.33
699.0 1360.33
700.0 1360.33
701.0 1360.33
702.0 1360.33
703.0 1360.33
704.0 1360.33
705.0 1360.33
706.0 1360.33
707.0 1360.33
708.0 1360.33
709.0 1360.33
710.0 1360.33
711.0 1360.33
712.0 1360.33
713.0 1360.33
714.0 1360.33
715.0 1360.33
716.0 1360.33
717.0 1360.33
718.0 1360.33
719.0 1360.33
720.0 1360.33
721.0 1360.33
722.0 1360.33
723.0 1360.33
724.0 1360.33
725.0 1360.33
726.0 1360.33
727.0 1360.33
728.0 1360.33
729.0 1360.33
730.0 1360.33
731.0 1360.33
732.0 1360.33
733.0 1360.33
734.0 1360.33
735.0 1360.33
736.0 1360.33
737.0 1360.33
738.0 1360.33
739.0 1360.33
740.0 1360.33
741.0 1360.33
742.0 1360.33
743.0 1360.33
744.0 1360.33
745.0 1360.33
746.0 1360.33
747.0 1360.33
748.0 1360.33
749.0 1360.33
750.0 1360.33
751.0 1360.33
752.0 1360.33
753.0 1360.33
754.0 1360.33
755.0 1360.33
756.0 1360.33
757.0 1360.33
758.0 1360.33
759.0 1360.33
760.0 1360.33
761.0 1360.33
762.0 1360.33
763.0 1360.33
764.0 1360.33
765.0 1360.33
766.0 1360.33
767.0 1360.33
768.0 1360.33
769.0 1360.33
770.0 1360.33
771.0 1360.33
772.0 1360.33
773.0 1360.33
774.0 1360.33
775.0 1360.33
776.0 1360.33
777.0 1360.33
778.0 1360.33
779.0 1360.33
780.0 1360.33
781.0 1360.33
782.0 1360.33
783.0 1360.33
784.0 1360.33
785.0 1360.33
786.0 1360.33
787.0 1360.33
788.0 1360.33
789.0 1360.33
790.0 1360.33
791.0 1360.33
792.0 1360.33
793.0 1360.33
794.0 1360.33
795.0 1360.33
796.0 1360.33
797.0 1360.33
798.0 1360.33
799.0 1360.33
800.0 1360.33
801.0 1360.33
802.0 1360.33
803.0 1360.33
804.0 1360.33
805.0 1360.33
806.0 1360.33
807.0 1360.33
808.0 1360.33
809.0 1360.33
810.0 1360.33
811.0 1360.33
812.0 1360.33
813.0 1360.33
814.0 1360.33
815.0 1360.33
816.0 1360.33
817.0 1360.33
818.0 1360.33
819.0 1360.33
820.0 1360.33
821.0 1360.33
822.0 1360.33
823.0 1360.33
824.0 1360.33
825.0 1360.33
826.0 1360.33
827.0 1360.33
828.0 1360.33
829.0 1360.33
830.0 1360.33
831.0 1360.33
832.0 1360.33
833.0 1360.33
834.0 1360.33
835.0 1360.33
836.0 1360.33
837.0 1360.33
838.0 1360.33
839.0 1360.33
840.0 1360.33
841.0 1360.33
842.0 1360.33
843.0 1360.33
844.0 1360.33
845.0 1360.33
846.0 1360.33
847.0 1360.33
848.0 1360.33
849.0 1360.33
850.0 1360.33
851.0 1360.33
852.0 1360.33
853.0 1360.33
854.0 1360.33
855.0 1360.33
856.0 1360.33
857.0 1360.33
858.0 1360.33
859.0 1360.33
860.0 1360.33
861.0 1360.33
862.0 1360.33
863.0 1360.33
864.0 1360.33
865.0 1360.33
866.0 1360.33
867.0 1360.33
868.0 1360.33
869.0 1360.33
870.0 1360.33
871.0 1360.33
872.0 1360.33
873.0 1360.33
874.0 1360.33
875.0 1360.33
876.0 1360.33
877.0 1360.33
878.0 1360.33
879.0 1360.33
880.0 1360.33
881.0 1360.33
882.0 1360.33
883.0 1360.33
884.0 1360.33
885.0 1360.33
886.0 1360.33
887.0 1360.33
888.0 1360.33
889.0 1360.33
890.0 1360.33
891.0 1360.33
892.0 1360.33
893.0 1360.33
894.0 1360.33
895.0 1360.33
896.0 1360.33
897.0 1360.33
898.0 1360.33
899.0 1360.33
900.0 1360.33
901.0 1360.33
902.0 1360.33
903.0 1360.33
904.0 1360.33
905.0 1360.33
906.0 1360.33
907.0 1360.33
908.0 1360.33
909.0 1360.33
910.0 1360.33
911.0 1360.33
912.0 1360.33
913.0 1360.33
914.0 1360.33
915.0 1360.33
916.0 1360.33
917.0 1360.33
918.0 1360.33
919.0 1360.33
920.0 1360.33
921.0 1360.33
922.0 1360.33
923.0 1360.33
924.0 1360.33
925.0 1360.33
926.0 1360.33
927.0 1360.33
928.0 1360.33
929.0 1360.33
930.0 1360.33
931.0 1360.33
932.0 1360.33
933.0 1360.33
934.0 1360.33
935.0 1360.33
936.0 1360.33
937.0 1360.33
938.0 1360.33
939.0 1360.33
940.0 1360.33
941.0 1360.33
942.0 1360.33
943.0 1360.33
944.0 1360.33
945.0 1360.33
946.0 1360.33
947.0 1360.33
948.0 1360.33
949.0 1360.33
950.0 1360.33
951.0 1360.33
952.0 1360.33
953.0 1360.33
954.0 1360.33
955.0 1360.33
956.0 1360.33
957.0 1360.33
958.0 1360.33
959.0 1360.33
960.0 1360.33
961.0 1360.33
962.0 1360.33
963.0 1360.33
964.0 1360.33
965.0 1360.33
966.0 1360.33
967.0 1360.33
968.0 1360.33
969.0 1360.33
970.0 1360.33
971.0 1360.33
972.0 1360.33
973.0 1360.33
974.0 1360.33
975.0 1360.33
976.0 1360.33
977.0 1360.33
978.0 1360.33
979.0 1360.33
980.0 1360.33
981.0 1360.33
982.0 1360.33
983.0 1360.33
984.0 1360.33
985.0 1360.33
986.0 1360.33
987.0 1360.33
988.0 1360.33
989.0 1360.33
990.0 1360.33
991.0 1360.33
992.0 1360.33
993.0 1360.33
994.0 1360.33
995.0 1360.33
996.0 1360.33
997.0 1360.33
998.0 1360.33
999.0 1360.33
1000.0 1360.33
-END-OF-DATA-
